cycle_cal_ip_logLike_sub0 = zeros(7000,1);
cycle_cal_ip_logLike_sub0 = [-231.451
-229.601
-228.203
-227.78
-227.815
-227.988
-227.464
-227.668
-227.924
-226.658
-226.56
-227.044
-227.031
-225.907
-225.677
-225.964
-225.75
-225.75
-225.653
-225.653
-224.188
-223.819
-223.293
-223.289
-223.29
-223.474
-223.4
-223.4
-223.234
-223.31
-223.195
-223.407
-223.262
-223.651
-223.345
-223.366
-223.333
-223.506
-223.842
-224.564
-226.012
-226.115
-225.907
-225.953
-226.325
-225.112
-224.793
-223.804
-223.599
-223.907
-223.906
-224.25
-224.091
-223.104
-223.065
-223.588
-223.588
-223.588
-223.89
-224.638
-224.497
-224.243
-223.277
-224.109
-223.89
-223.417
-223.227
-223.42
-223.517
-223.642
-224.376
-224.323
-224.364
-224.46
-224.152
-224.152
-224.152
-224.157
-224.178
-224.189
-224.251
-223.346
-223.388
-223.147
-223.387
-223.1
-223.305
-223.395
-223.441
-223.143
-223.037
-223.282
-223.625
-223.392
-224.362
-223.308
-223.121
-223.114
-223.351
-223.431
-223.869
-224.111
-223.326
-223.333
-223.14
-223.164
-223.14
-223.156
-224.291
-224.197
-224.494
-224.531
-224.531
-224.631
-224.516
-224.515
-224.507
-223.585
-223.714
-223.476
-223.5
-223.473
-224.361
-224.706
-223.809
-223.602
-223.764
-224.054
-223.535
-223.18
-223.467
-223.254
-223.411
-223.352
-224.547
-224.547
-224.727
-224.195
-223.369
-224.176
-224.23
-224.379
-224.279
-224.253
-223.894
-224.55
-223.805
-223.805
-223.644
-223.388
-223.358
-223.372
-223.411
-223.351
-223.464
-223.21
-223.322
-223.37
-223.384
-223.59
-223.479
-224.163
-224.811
-224.568
-223.941
-223.802
-223.789
-224.305
-223.792
-223.842
-223.383
-223.391
-223.382
-223.372
-224.491
-224.275
-223.729
-223.693
-223.48
-223.506
-223.461
-223.457
-223.511
-224.624
-225.306
-224.825
-225.346
-225.093
-225.243
-225.326
-225.061
-225.016
-224.905
-225.857
-225.855
-225.022
-223.815
-223.075
-223.477
-223.412
-223.418
-223.418
-223.182
-223.413
-223.113
-223.113
-223.364
-223.621
-223.898
-223.792
-224.194
-224.071
-224.014
-224.327
-224.52
-225.023
-224.886
-225.486
-224.596
-224.293
-224.098
-223.829
-223.798
-223.914
-223.914
-224.032
-224.179
-224.143
-223.96
-223.858
-224.156
-224.392
-224.381
-223.689
-223.66
-223.365
-223.377
-223.263
-223.155
-223.104
-223.271
-224.069
-223.587
-223.587
-223.37
-223.369
-223.123
-223.123
-223.39
-223.409
-223.632
-224.781
-224.607
-223.657
-223.352
-222.905
-223.288
-224.101
-227.011
-227.642
-227.696
-226.21
-227.76
-226.332
-225.616
-225.502
-224.074
-223.612
-223.663
-223.687
-224.073
-224.084
-224.084
-223.404
-224.139
-223.378
-223.307
-223.449
-223.22
-223.12
-223.215
-223.502
-223.502
-223.502
-223.502
-223.377
-223.637
-224.197
-224.215
-223.631
-224.019
-223.921
-223.744
-223.779
-224.705
-224.655
-223.857
-223.784
-224.231
-224.629
-224.987
-225.092
-225.329
-224.351
-223.116
-223.127
-223.276
-223.224
-223.44
-224.81
-225.083
-224.687
-224.51
-224.666
-224.899
-225.202
-225.274
-225.293
-224.505
-224.554
-224.204
-225.051
-225.044
-224.069
-224.097
-224.097
-223.647
-224.477
-224.502
-224.1
-223.347
-223.456
-224.279
-224.191
-225.637
-224.141
-224.212
-223.201
-223.33
-223.991
-224.349
-224.349
-223.354
-223.229
-223.587
-224.335
-223.666
-223.645
-223.425
-226.147
-225.657
-224.21
-224.176
-223.402
-223.245
-223.171
-223.381
-223.416
-224.013
-223.827
-224.438
-224.438
-224.067
-224.279
-224.154
-225.052
-225.155
-224.407
-224.425
-224.498
-224.531
-223.469
-223.448
-223.726
-223.644
-223.133
-223.167
-223.393
-224.108
-223.429
-223.463
-223.428
-223.238
-223.264
-223.191
-223.333
-223.333
-223.747
-223.782
-223.79
-223.521
-223.145
-223.182
-223.527
-223.668
-223.246
-224.118
-223.186
-223.365
-223.378
-223.231
-223.404
-223.196
-223.391
-223.367
-223.417
-223.362
-223.359
-223.385
-223.372
-223.372
-223.377
-223.141
-223.624
-223.41
-223.48
-223.339
-223.15
-223.16
-223.16
-223.16
-224.123
-223.371
-223.181
-223.521
-223.394
-223.171
-223.408
-223.576
-223.255
-224.174
-223.918
-223.918
-223.186
-223.177
-223.358
-223.152
-223.168
-223.359
-223.385
-223.311
-223.252
-223.963
-224.276
-223.508
-223.735
-223.794
-223.905
-223.445
-223.639
-223.094
-223.094
-223.091
-223.593
-224.551
-224.355
-224.616
-222.971
-222.943
-223.218
-223.793
-223.854
-224.195
-223.66
-223.713
-224.018
-223.531
-222.874
-222.982
-222.893
-223.198
-222.675
-222.675
-222.675
-222.675
-223.756
-223.274
-223.274
-223.17
-223.415
-223.002
-223.4
-222.74
-222.914
-222.578
-222.756
-222.756
-222.692
-222.559
-222.722
-222.719
-222.672
-222.604
-222.604
-223.979
-223.191
-222.582
-222.582
-222.869
-223.887
-223.177
-224.389
-223.434
-222.76
-222.893
-223.071
-223.778
-224.536
-223.65
-224.645
-224.557
-223.748
-223.842
-224.157
-224.264
-223.981
-223.48
-222.908
-222.651
-222.517
-223.353
-223.485
-224.55
-224.037
-224.184
-223.49
-223.49
-224.119
-224.296
-223.096
-223.483
-223.848
-224.093
-223.703
-223.703
-223.42
-223.492
-223.489
-224.376
-223.916
-223.986
-224.055
-223.565
-223.411
-223.322
-223.322
-223.322
-223.322
-223.862
-223.623
-223.714
-223.714
-223.714
-223.714
-223.688
-224.147
-225.281
-224.765
-224.123
-224.057
-223.683
-223.341
-223.616
-224.412
-223.688
-224.025
-224.025
-224.675
-224.675
-224.452
-223.82
-224.423
-223.529
-223.188
-223.41
-223.48
-226.209
-226.209
-226.209
-223.573
-224.16
-224.998
-224.202
-224.457
-223.331
-223.36
-223.778
-223.51
-223.937
-224.164
-224.692
-225.548
-225.345
-224.186
-223.757
-223.512
-223.849
-223.561
-223.045
-223.108
-223.507
-224.429
-223.536
-223.579
-222.928
-222.86
-223.381
-223.422
-223.804
-223.679
-223.43
-223.365
-223.345
-223.494
-223.485
-223.511
-225.124
-225.067
-224.272
-225.561
-224.106
-224.386
-223.89
-223.145
-223.277
-223.587
-223.902
-223.57
-223.201
-223.479
-223.476
-223.522
-223.416
-223.377
-223.377
-223.317
-223.327
-223.664
-223.883
-223.804
-223.974
-223.455
-223.115
-224.123
-223.373
-223.396
-223.396
-223.338
-223.396
-223.363
-223.078
-223.074
-223.282
-223.315
-223.087
-223.084
-223.094
-223.116
-223.119
-223.139
-223.156
-223.797
-223.936
-223.873
-224.31
-224.079
-224.079
-223.449
-223.502
-223.362
-223.11
-223.113
-222.971
-223.389
-223.37
-223.37
-223.388
-223.194
-223.159
-223.15
-223.11
-223.41
-223.506
-223.443
-223.518
-223.128
-223.351
-223.443
-224.062
-223.968
-224.082
-224.098
-224.072
-223.984
-223.178
-223.161
-223.161
-223.116
-224.518
-224.3
-226.145
-226.198
-226.201
-224.031
-224.008
-224.008
-223.887
-223.806
-223.714
-223.836
-224.871
-224.921
-223.679
-223.508
-223.597
-223.551
-223.514
-223.322
-223.44
-223.205
-223.317
-223.455
-223.673
-223.353
-223.411
-223.031
-223.223
-223.144
-223.063
-225.292
-224.234
-223.551
-223.394
-223.314
-223.311
-223.365
-223.012
-223.345
-223.103
-223.194
-223.115
-223.131
-223.126
-223.12
-223.114
-223.345
-223.392
-224.084
-224.073
-224.071
-224.099
-225.274
-226.635
-226.598
-226.346
-226.242
-226.219
-226.21
-226.218
-226.273
-226.264
-225.279
-225.086
-225.186
-224.877
-225.262
-225.045
-226.771
-226.072
-225.564
-225.564
-225.35
-225.254
-225.053
-223.521
-223.272
-223.272
-224.11
-223.573
-224.937
-224.233
-223.512
-225.078
-226.559
-225.11
-224.318
-224.397
-224.249
-225.356
-225.491
-225.579
-225.929
-224.831
-224.938
-225.313
-224.822
-225.032
-224.963
-223.96
-223.742
-223.717
-223.717
-223.489
-223.409
-223.391
-223.366
-224.282
-225.106
-225.41
-226.099
-224.906
-224.651
-224.51
-224.773
-224.873
-224.873
-224.009
-225.048
-225.002
-224.186
-224.225
-223.988
-223.675
-224.718
-224.525
-224.554
-224.374
-224.374
-224.821
-224.71
-225.597
-225.089
-225.24
-224.752
-224.723
-223.984
-223.749
-224.463
-224.335
-224.094
-224.065
-223.996
-224.142
-224.298
-225.261
-225.217
-225.51
-224.571
-225.265
-224.686
-224.473
-224.651
-224.869
-224.741
-224.812
-224.869
-224.773
-224.849
-224.912
-224.694
-225.818
-225.906
-225.82
-225.775
-225.592
-225.381
-225.381
-226.521
-225.879
-225.238
-225.052
-225.309
-225.48
-225.684
-225.599
-226.28
-225.495
-225.78
-225.836
-225.836
-224.357
-224.357
-223.792
-224.057
-223.937
-223.924
-223.691
-223.801
-223.583
-223.77
-223.428
