cycle_cal_ip_logLike_unified = zeros(350,1);
cycle_cal_ip_logLike_unified = [-231.451
-224.188
-226.012
-224.497
-224.251
-223.869
-223.5
-224.23
-223.479
-223.461
-223.418
-224.098
-223.271
-227.696
-223.215
-224.987
-224.204
-224.349
-224.438
-223.463
-223.231
-223.16
-223.311
-223.793
-223.002
-223.177
-223.353
-223.986
-223.683
-224.16
-223.507
-224.106
-223.974
-223.156
-223.11
-226.145
-223.317
-223.115
-226.264
-224.233
-223.717
-224.225
-224.065
-225.818
-224.357
-223.387
-224.91
-223.322
-224.954
-223.733
-223.697
-222.609
-222.926
-222.71
-222.902
-224.039
-226.42
-227.087
-227.575
-223.111
-222.742
-223.576
-226.069
-224.542
-222.96
-224.583
-223.011
-225.567
-222.578
-222.858
-224.12
-222.698
-222.563
-222.511
-225.404
-223.565
-223.719
-224.02
-224.847
-222.629
-223.359
-222.641
-223.785
-224.995
-226.294
-222.566
-224.554
-223.186
-224.378
-224.084
-223.941
-223.374
-222.78
-222.76
-222.532
-224.027
-225.075
-223.693
-223.253
-223.306
-222.512
-223.42
-223.472
-224.374
-223.037
-222.697
-223.275
-223.465
-224.125
-223.167
-222.408
-223.066
-223.775
-222.656
-222.846
-223.658
-223.925
-225.032
-222.975
-225.435
-223.723
-224.228
-224.181
-224.335
-222.951
-222.972
-222.604
-222.951
-222.62
-223.084
-222.783
-224.348
-223.271
-223.244
-223.009
-224.38
-223.25
-222.561
-222.603
-222.63
-223.825
-222.955
-223.737
-224.313
-223.106
-223.229
-222.439
-222.705
-223.109
-222.533
-222.837
-224.191
-223.469
-223.112
-224.485
-222.859
-224.155
-229.634
-226.222
-223.015
-223.316
-223.555
-223.45
-224.321
-223.196
-224.455
-224.585
-223.423
-222.884
-222.545
-223.738
-227.668
-224.997
-223.045
-222.482
-223.242
-223.219
-224.655
-222.726
-223.057
-223.327
-223.51
-223.321
-224.498
-224.103
-223.177
-225.323
-223.747
-223.192
-223.184
-223.279
-223.101
-223.804
-223.173
-222.724
-223.843
-223.046
-224.652
-222.957
-223.361
-224.76
-222.671
-223.637
-224.398
-223.853
-223.408
-223.83
-223.387
-224.312
-222.532
-224.738
-225.392
-222.869
-226.976
-223.124
-223.328
-222.958
-223.36
-223.775
-223.073
-223.088
-223.692
-223.193
-225.524
-225.063
-223.436
-223.426
-224.739
-225.566
-223.436
-223.957
-225.272
-226.336
-223.395
-223.318
-223.385
-225.162
-223.346
-224.069
-223.126
-223.254
-223.14
-224.241
-223.887
-223.651
-223.144
-223.245
-222.551
-224.194
-225.102
-223.639
-224.248
-223.336
-224.433
-222.896
-223.414
-222.582
-223.542
-224.255
-224.954
-223.153
-223.338
-225.118
-224.912
-223.466
-224.163
-223.795
-223.033
-223.688
-223.682
-227.283
-224.096
-223.893
-225.737
-223.119
-224.728
-225.837
-223.682
-222.928
-222.758
-223.688
-222.617
-223.389
-222.547
-222.548
-223.357
-224.752
-224.216
-224.203
-223.4
-224.027
-222.971
-224.492
-222.978
-223.486
-223.044
-223.354
-223.23
-223.888
-225.319
-225.905
-223.669
-222.783
-224.327
-223.076
-224.84
-222.853
-223.94
-223.195
-223.461
-223.189
-223.635
-223.192
-225.461
-223.594
-222.765
-222.925
-223.403
-226.665
-224.747
-224.209
-222.928
-223.095
-222.708
-222.978
-223.864
-223.439
-223.587
-223.518
-223.088
-224.673
-223.374
-223.584
-223.174
-223.791
-223.934
-225.932
-222.979
-223.316
-222.622
-224.245
-222.96
-222.752
-222.585
-223.32
-225.481
-223.22
-223.388
-222.776
-223.171
];
