cycle_cal_ip_logTarget_sub0 = zeros(7000,1);
cycle_cal_ip_logTarget_sub0 = [-240.759
-238.909
-237.511
-237.088
-237.122
-237.296
-236.772
-236.976
-237.231
-235.966
-235.868
-236.352
-236.339
-235.215
-234.985
-235.272
-235.058
-235.058
-234.961
-234.961
-233.495
-233.127
-232.601
-232.597
-232.598
-232.782
-232.708
-232.708
-232.542
-232.618
-232.502
-232.714
-232.57
-232.959
-232.653
-232.674
-232.641
-232.814
-233.15
-233.872
-235.32
-235.423
-235.215
-235.26
-235.633
-234.42
-234.101
-233.112
-232.907
-233.215
-233.214
-233.558
-233.399
-232.412
-232.372
-232.896
-232.896
-232.896
-233.198
-233.946
-233.805
-233.551
-232.585
-233.417
-233.198
-232.725
-232.535
-232.728
-232.825
-232.95
-233.684
-233.631
-233.672
-233.768
-233.46
-233.46
-233.46
-233.465
-233.486
-233.496
-233.559
-232.654
-232.696
-232.455
-232.695
-232.408
-232.613
-232.702
-232.748
-232.451
-232.345
-232.59
-232.933
-232.7
-233.67
-232.616
-232.429
-232.422
-232.659
-232.739
-233.177
-233.419
-232.634
-232.641
-232.448
-232.471
-232.448
-232.463
-233.599
-233.505
-233.802
-233.839
-233.839
-233.939
-233.824
-233.822
-233.815
-232.893
-233.022
-232.784
-232.808
-232.781
-233.669
-234.014
-233.117
-232.91
-233.072
-233.362
-232.843
-232.488
-232.775
-232.562
-232.719
-232.66
-233.855
-233.855
-234.035
-233.503
-232.676
-233.484
-233.538
-233.687
-233.587
-233.56
-233.202
-233.857
-233.113
-233.113
-232.952
-232.696
-232.666
-232.68
-232.719
-232.659
-232.772
-232.518
-232.63
-232.678
-232.692
-232.897
-232.787
-233.471
-234.119
-233.876
-233.249
-233.11
-233.097
-233.613
-233.1
-233.15
-232.691
-232.699
-232.69
-232.68
-233.799
-233.583
-233.037
-233.001
-232.788
-232.814
-232.769
-232.765
-232.819
-233.932
-234.614
-234.133
-234.654
-234.401
-234.551
-234.634
-234.369
-234.324
-234.213
-235.165
-235.163
-234.33
-233.123
-232.383
-232.785
-232.72
-232.726
-232.726
-232.49
-232.721
-232.421
-232.421
-232.672
-232.929
-233.206
-233.1
-233.502
-233.379
-233.322
-233.635
-233.828
-234.331
-234.194
-234.793
-233.904
-233.601
-233.406
-233.137
-233.106
-233.222
-233.222
-233.34
-233.487
-233.451
-233.268
-233.166
-233.463
-233.699
-233.689
-232.997
-232.968
-232.673
-232.685
-232.571
-232.463
-232.412
-232.579
-233.377
-232.894
-232.894
-232.678
-232.677
-232.431
-232.431
-232.698
-232.717
-232.939
-234.089
-233.915
-232.965
-232.659
-232.213
-232.596
-233.409
-236.319
-236.95
-237.004
-235.518
-237.068
-235.64
-234.924
-234.809
-233.382
-232.92
-232.971
-232.995
-233.381
-233.392
-233.392
-232.712
-233.447
-232.685
-232.615
-232.757
-232.528
-232.428
-232.523
-232.81
-232.81
-232.81
-232.81
-232.685
-232.945
-233.505
-233.523
-232.939
-233.327
-233.229
-233.052
-233.087
-234.013
-233.963
-233.165
-233.092
-233.539
-233.937
-234.295
-234.4
-234.637
-233.659
-232.424
-232.435
-232.583
-232.532
-232.748
-234.118
-234.391
-233.995
-233.818
-233.974
-234.207
-234.51
-234.582
-234.601
-233.813
-233.861
-233.512
-234.359
-234.352
-233.377
-233.405
-233.405
-232.955
-233.785
-233.81
-233.408
-232.655
-232.764
-233.586
-233.499
-234.945
-233.449
-233.52
-232.509
-232.638
-233.299
-233.656
-233.656
-232.662
-232.536
-232.894
-233.643
-232.974
-232.953
-232.733
-235.454
-234.965
-233.518
-233.484
-232.71
-232.553
-232.479
-232.689
-232.724
-233.321
-233.135
-233.746
-233.746
-233.375
-233.587
-233.462
-234.36
-234.463
-233.715
-233.733
-233.806
-233.839
-232.777
-232.756
-233.034
-232.952
-232.441
-232.475
-232.7
-233.416
-232.737
-232.771
-232.736
-232.546
-232.572
-232.499
-232.641
-232.641
-233.055
-233.09
-233.098
-232.829
-232.453
-232.49
-232.835
-232.976
-232.554
-233.426
-232.494
-232.673
-232.686
-232.539
-232.712
-232.504
-232.699
-232.675
-232.725
-232.67
-232.667
-232.693
-232.68
-232.68
-232.685
-232.449
-232.932
-232.718
-232.788
-232.647
-232.458
-232.467
-232.468
-232.468
-233.431
-232.679
-232.489
-232.828
-232.702
-232.479
-232.716
-232.884
-232.563
-233.482
-233.226
-233.226
-232.494
-232.485
-232.666
-232.46
-232.476
-232.667
-232.693
-232.619
-232.56
-233.271
-233.584
-232.816
-233.043
-233.102
-233.213
-232.753
-232.947
-232.402
-232.402
-232.399
-232.901
-233.858
-233.663
-233.924
-232.279
-232.251
-232.526
-233.101
-233.162
-233.503
-232.968
-233.021
-233.326
-232.839
-232.182
-232.29
-232.201
-232.505
-231.983
-231.983
-231.983
-231.983
-233.064
-232.582
-232.582
-232.478
-232.723
-232.31
-232.708
-232.048
-232.222
-231.886
-232.064
-232.064
-232
-231.867
-232.029
-232.027
-231.98
-231.912
-231.912
-233.286
-232.499
-231.889
-231.889
-232.177
-233.195
-232.484
-233.697
-232.741
-232.068
-232.201
-232.378
-233.086
-233.844
-232.958
-233.952
-233.865
-233.056
-233.15
-233.465
-233.572
-233.289
-232.788
-232.215
-231.959
-231.825
-232.661
-232.793
-233.858
-233.345
-233.491
-232.798
-232.798
-233.427
-233.604
-232.404
-232.791
-233.156
-233.401
-233.011
-233.011
-232.728
-232.799
-232.797
-233.684
-233.224
-233.294
-233.363
-232.873
-232.718
-232.63
-232.63
-232.63
-232.63
-233.17
-232.931
-233.022
-233.022
-233.022
-233.022
-232.996
-233.455
-234.589
-234.073
-233.431
-233.365
-232.991
-232.649
-232.924
-233.72
-232.996
-233.333
-233.333
-233.983
-233.983
-233.76
-233.128
-233.731
-232.836
-232.496
-232.718
-232.788
-235.517
-235.517
-235.517
-232.881
-233.468
-234.306
-233.51
-233.765
-232.639
-232.668
-233.086
-232.818
-233.245
-233.472
-234
-234.856
-234.653
-233.493
-233.065
-232.82
-233.157
-232.869
-232.353
-232.416
-232.815
-233.737
-232.844
-232.887
-232.236
-232.168
-232.689
-232.73
-233.112
-232.987
-232.738
-232.673
-232.653
-232.802
-232.793
-232.819
-234.432
-234.375
-233.58
-234.869
-233.414
-233.694
-233.198
-232.452
-232.585
-232.895
-233.21
-232.878
-232.508
-232.787
-232.784
-232.83
-232.724
-232.685
-232.685
-232.625
-232.635
-232.972
-233.191
-233.112
-233.282
-232.763
-232.423
-233.431
-232.681
-232.704
-232.704
-232.645
-232.704
-232.671
-232.386
-232.382
-232.59
-232.623
-232.394
-232.392
-232.402
-232.424
-232.427
-232.447
-232.464
-233.105
-233.244
-233.181
-233.618
-233.387
-233.387
-232.757
-232.81
-232.67
-232.417
-232.42
-232.279
-232.697
-232.678
-232.678
-232.696
-232.501
-232.467
-232.458
-232.418
-232.718
-232.814
-232.751
-232.826
-232.436
-232.659
-232.751
-233.37
-233.276
-233.39
-233.406
-233.38
-233.292
-232.486
-232.469
-232.469
-232.424
-233.826
-233.608
-235.453
-235.506
-235.508
-233.339
-233.316
-233.316
-233.195
-233.114
-233.021
-233.144
-234.179
-234.229
-232.987
-232.816
-232.905
-232.859
-232.822
-232.63
-232.748
-232.512
-232.625
-232.763
-232.981
-232.661
-232.719
-232.339
-232.531
-232.452
-232.371
-234.6
-233.542
-232.859
-232.702
-232.622
-232.619
-232.673
-232.32
-232.653
-232.411
-232.502
-232.423
-232.439
-232.433
-232.428
-232.422
-232.653
-232.7
-233.392
-233.381
-233.379
-233.407
-234.582
-235.943
-235.906
-235.653
-235.55
-235.527
-235.517
-235.526
-235.581
-235.572
-234.587
-234.394
-234.494
-234.185
-234.569
-234.353
-236.079
-235.38
-234.872
-234.872
-234.658
-234.562
-234.361
-232.829
-232.58
-232.58
-233.418
-232.881
-234.245
-233.541
-232.82
-234.386
-235.867
-234.418
-233.626
-233.705
-233.557
-234.664
-234.799
-234.887
-235.237
-234.139
-234.246
-234.621
-234.13
-234.34
-234.271
-233.268
-233.05
-233.025
-233.025
-232.797
-232.717
-232.699
-232.674
-233.59
-234.414
-234.718
-235.407
-234.214
-233.959
-233.818
-234.081
-234.181
-234.181
-233.317
-234.355
-234.31
-233.494
-233.533
-233.296
-232.983
-234.026
-233.833
-233.861
-233.682
-233.682
-234.129
-234.018
-234.905
-234.397
-234.548
-234.06
-234.031
-233.292
-233.057
-233.771
-233.643
-233.402
-233.373
-233.304
-233.45
-233.606
-234.569
-234.524
-234.817
-233.879
-234.573
-233.994
-233.781
-233.959
-234.177
-234.049
-234.12
-234.177
-234.081
-234.157
-234.22
-234.002
-235.126
-235.214
-235.127
-235.083
-234.9
-234.689
-234.689
-235.829
-235.187
-234.546
-234.36
-234.617
-234.788
-234.992
-234.907
-235.588
-234.803
-235.088
-235.144
-235.144
-233.665
-233.665
-233.1
-233.365
-233.245
-233.232
-232.998
-233.109
-232.891
-233.078
-232.736
-232.582
