cycle_cal_ip_logTarget_sub0 = zeros(350,1);
cycle_cal_ip_logTarget_sub0 = [-240.759
-233.495
-235.32
-233.805
-233.559
-233.177
-232.808
-233.538
-232.787
-232.769
-232.726
-233.406
-232.579
-237.004
-232.523
-234.295
-233.512
-233.656
-233.746
-232.771
-232.539
-232.468
-232.619
-233.101
-232.31
-232.484
-232.661
-233.294
-232.991
-233.468
-232.815
-233.414
-233.282
-232.464
-232.418
-235.453
-232.625
-232.423
-235.572
-233.541
-233.025
-233.533
-233.373
-235.126
-233.665
-232.695
-234.218
-232.63
-234.262
-233.041
-233.005
-231.917
-232.234
-232.018
-232.209
-233.347
-235.728
-236.395
-236.883
-232.419
-232.05
-232.884
-235.377
-233.85
-232.268
-233.891
-232.319
-234.875
-231.886
-232.165
-233.428
-232.006
-231.871
-231.819
-234.712
-232.873
-233.027
-233.328
-234.154
-231.937
-232.667
-231.949
-233.093
-234.303
-235.602
-231.874
-233.862
-232.494
-233.685
-233.392
-233.249
-232.682
-232.088
-232.068
-231.84
-233.335
-234.382
-233.001
-232.561
-232.614
-231.82
-232.727
-232.78
-233.682
-232.345
-232.005
-232.583
-232.773
-233.433
-232.475
-231.716
-232.373
-233.083
-231.964
-232.154
-232.966
-233.233
-234.34
-232.283
-234.743
-233.03
-233.536
-233.489
-233.643
-232.259
-232.28
-231.912
-232.259
-231.928
-232.392
-232.091
-233.656
-232.579
-232.552
-232.317
-233.688
-232.558
-231.868
-231.91
-231.938
-233.133
-232.263
-233.045
-233.621
-232.414
-232.537
-231.747
-232.012
-232.417
-231.841
-232.145
-233.498
-232.777
-232.42
-233.792
-232.167
-233.463
-238.942
-235.53
-232.323
-232.624
-232.863
-232.758
-233.629
-232.504
-233.763
-233.893
-232.731
-232.192
-231.853
-233.046
-236.976
-234.305
-232.353
-231.79
-232.55
-232.526
-233.963
-232.034
-232.365
-232.635
-232.818
-232.629
-233.806
-233.411
-232.485
-234.63
-233.055
-232.5
-232.492
-232.587
-232.409
-233.112
-232.481
-232.032
-233.151
-232.354
-233.96
-232.265
-232.668
-234.068
-231.979
-232.945
-233.706
-233.161
-232.715
-233.138
-232.695
-233.62
-231.84
-234.046
-234.7
-232.177
-236.284
-232.432
-232.636
-232.266
-232.667
-233.083
-232.381
-232.396
-233
-232.501
-234.832
-234.371
-232.744
-232.734
-234.047
-234.874
-232.744
-233.265
-234.58
-235.644
-232.703
-232.626
-232.693
-234.47
-232.654
-233.376
-232.434
-232.562
-232.448
-233.549
-233.195
-232.959
-232.452
-232.553
-231.859
-233.502
-234.41
-232.947
-233.556
-232.644
-233.741
-232.204
-232.722
-231.89
-232.85
-233.563
-234.262
-232.461
-232.646
-234.426
-234.22
-232.774
-233.471
-233.103
-232.341
-232.996
-232.99
-236.591
-233.404
-233.201
-235.044
-232.427
-234.035
-235.145
-232.99
-232.235
-232.066
-232.995
-231.924
-232.697
-231.855
-231.856
-232.665
-234.06
-233.524
-233.511
-232.708
-233.335
-232.279
-233.8
-232.286
-232.794
-232.352
-232.662
-232.538
-233.196
-234.627
-235.213
-232.977
-232.091
-233.635
-232.384
-234.148
-232.16
-233.248
-232.503
-232.769
-232.497
-232.943
-232.5
-234.769
-232.902
-232.073
-232.233
-232.711
-235.973
-234.055
-233.517
-232.236
-232.403
-232.016
-232.286
-233.172
-232.747
-232.895
-232.826
-232.396
-233.981
-232.682
-232.892
-232.482
-233.099
-233.242
-235.24
-232.287
-232.624
-231.93
-233.552
-232.268
-232.06
-231.893
-232.628
-234.789
-232.528
-232.696
-232.084
-232.479
];
