fp_mc_ParamSeq_sub0 = zeros(350,3);
fp_mc_ParamSeq_sub0 = [2.4000000000000000e+01 7.5000000000000000e-01 2.5500000000000000e+02 
2.3869224322552917e+01 8.5256547467248156e-01 1.6921702796177436e+02 
2.3260361330664562e+01 9.1075460726226565e-01 1.1091755599140025e+02 
2.3348580319300613e+01 8.0288420838211128e-01 1.7489259502134581e+02 
2.2913278683809196e+01 9.2792185628251922e-01 1.3822953291304114e+02 
2.4237427378782034e+01 9.1001075884374893e-01 1.6576385888236766e+02 
2.5955415392117111e+01 9.2519044570588693e-01 1.3458042067785482e+02 
2.2353556317187646e+01 9.7773492651873073e-01 1.5011442182012615e+02 
2.3474984949080969e+01 9.4680910022093001e-01 1.3485541038465766e+02 
2.4182628441958101e+01 9.2674253476450430e-01 1.5729271708291208e+02 
2.3443414239178704e+01 8.6965267893605902e-01 1.3493848371487474e+02 
2.3704843173446442e+01 9.3322984778560891e-01 1.6667365406847031e+02 
2.4718309091893630e+01 8.9630131945806746e-01 1.5211815724823052e+02 
2.9379191627609814e+01 7.3618495160792663e-01 1.6073449714500728e+02 
2.4386060129110039e+01 8.7743096928591613e-01 1.5096797392482648e+02 
2.3880033358128667e+01 8.3848140338813537e-01 1.8124097394333484e+02 
2.4492432716937859e+01 8.4959528604553181e-01 1.2000293148866159e+02 
2.6895281570208574e+01 9.0992578702401750e-01 1.3374763074994755e+02 
2.4768423964904784e+01 9.3730717817981490e-01 1.7467751524234711e+02 
2.5295073165818181e+01 9.3092241074257132e-01 1.3689698112401044e+02 
2.4425584934484323e+01 9.9213354487925520e-01 1.5030857503260913e+02 
2.4078064288155154e+01 9.7015874831565196e-01 1.3738634983959585e+02 
2.3594977019972230e+01 9.2509425973920878e-01 1.4953018467558280e+02 
2.2440701522917678e+01 7.5112212084571262e-01 1.6284940487119869e+02 
2.3643771415844565e+01 6.7159356827901806e-01 1.5646160442304478e+02 
2.1159267577037117e+01 5.5912834421670399e-01 1.4895415255373007e+02 
2.0454919186641533e+01 5.2620602666325278e-01 1.4045588404949700e+02 
2.3700196119639450e+01 5.6825549390630292e-01 1.4038648480212305e+02 
2.5175997168119615e+01 8.0528957849833005e-01 1.2975788803668345e+02 
2.2682795378034548e+01 8.3686085172479097e-01 1.3628977200349547e+02 
2.3616381677194909e+01 7.9839553827672360e-01 1.2944453774650393e+02 
2.4454078187905328e+01 8.9442052292631402e-01 1.2092173151241916e+02 
2.4849226785368913e+01 8.9273470995074222e-01 1.2219531085179817e+02 
2.4538240595358619e+01 8.7434216704273571e-01 1.3582111306905162e+02 
2.4139902095669402e+01 8.9949472580039180e-01 1.4396313624499555e+02 
2.1716555430971951e+01 8.9891780832511647e-01 1.3488472985636560e+02 
2.4076234044757648e+01 8.7192078216188584e-01 1.5403573073271446e+02 
2.4739416463239881e+01 8.8297280680667944e-01 1.3991980430495443e+02 
2.8252504558051594e+01 8.0708297152369912e-01 1.6294479846762962e+02 
2.4906039380741245e+01 8.6626085828184252e-01 1.1962663527779969e+02 
2.5470909803838616e+01 9.3691594373267773e-01 1.3003031355342685e+02 
2.6481710251503422e+01 9.5685730912824485e-01 1.3598896000237733e+02 
2.6731435760363823e+01 9.6886654318342436e-01 1.4790833471207375e+02 
2.5282431635620746e+01 9.8302787925040025e-01 1.9110612475596324e+02 
2.4969654927151439e+01 9.8161091568570313e-01 1.7353607906968892e+02 
2.5836515095180427e+01 9.6914644335692124e-01 1.4045286122440990e+02 
2.3122136439309635e+01 9.5558577973457237e-01 1.1741476113446478e+02 
2.5146005001489097e+01 7.7537352460266040e-01 1.4355217698016509e+02 
2.1536360652385305e+01 6.1157787944985720e-01 1.8624413561770882e+02 
2.1717035699662915e+01 5.3663835017079531e-01 1.5201980522211952e+02 
1.9921530899646033e+01 5.2363137718785735e-01 1.6751551299317171e+02 
1.6544518165568846e+01 5.0583782177996983e-01 1.3106815243035413e+02 
1.8719156055259706e+01 5.1114555982343979e-01 1.3084971120572814e+02 
1.8968589924576641e+01 5.1961795369681230e-01 1.3440215863802229e+02 
1.9253818886855072e+01 5.5769988879765720e-01 1.2515012865607900e+02 
1.5582553564182652e+01 5.3279605603175306e-01 1.5629384923649934e+02 
2.2749065364945167e+01 5.0940107004177670e-01 1.7752806994036257e+02 
2.1865573598295327e+01 5.2844505007037124e-01 2.0207281051958483e+02 
2.2057260498324929e+01 5.6604979545460532e-01 2.1126574018388158e+02 
2.0553386054631765e+01 6.1222946767785702e-01 1.5041035136361774e+02 
2.2700163822093419e+01 6.7090794996477854e-01 1.4954121464046668e+02 
2.2631924677118207e+01 7.6875518265552645e-01 1.5328425796924230e+02 
2.0158434439191787e+01 7.7697788704521442e-01 1.5357144080734227e+02 
2.3599688033194113e+01 8.1469466212782993e-01 1.1861336025186694e+02 
2.4150305868629182e+01 7.3007546860751638e-01 1.4796003088141322e+02 
2.0224642569179618e+01 6.0218264570801860e-01 1.1402156935465305e+02 
2.2558304055491877e+01 5.9415166317774715e-01 1.2967225417991526e+02 
2.6524721999591769e+01 6.3819184827127717e-01 1.3261686868490608e+02 
2.0537456947561477e+01 5.7280504898016993e-01 1.4293195800337304e+02 
1.8260521922963694e+01 5.4821790685949801e-01 1.2907064335324418e+02 
1.8303760779813331e+01 5.7503781029007039e-01 1.2122834785774917e+02 
1.8453576506786387e+01 5.2429527709922152e-01 1.4865482238005598e+02 
1.8646981848220914e+01 5.2924824353924882e-01 1.3706729661296683e+02 
1.8876420850420729e+01 5.4087412743072516e-01 1.3981086196951546e+02 
1.7854551731937107e+01 5.1761603563625547e-01 1.0786719699785525e+02 
1.7870609355891304e+01 5.3212080016977781e-01 1.1873433816468609e+02 
1.8075090560108290e+01 5.2905011122369483e-01 1.1723684544393353e+02 
1.9855242230584441e+01 5.0817822229265985e-01 1.2203962141198934e+02 
1.9171501182520693e+01 6.4524199326058995e-01 1.6443296320909462e+02 
2.3839028231336506e+01 6.3820690957426995e-01 1.3705355229020574e+02 
2.2465127583785304e+01 7.3781017137605232e-01 1.5761828708169625e+02 
2.3576329117745381e+01 7.0902834031762385e-01 1.3887282630073062e+02 
2.3196317089655661e+01 6.7402103384513512e-01 1.7124255007687267e+02 
2.5277821662690865e+01 9.0384400951457722e-01 1.8108993957392039e+02 
2.2950350087801226e+01 8.9580583688592696e-01 1.1590424218726179e+02 
2.3913256566949652e+01 7.0176027835844734e-01 1.4123388482879793e+02 
2.6958760337093484e+01 7.1932967687754035e-01 1.3612320386149594e+02 
2.1815544406636700e+01 5.9509805450712350e-01 1.6117093095504902e+02 
2.0940059443386733e+01 6.0011567914369046e-01 1.7737450768067080e+02 
2.1716239775345084e+01 7.3254735484247924e-01 1.5836605794960562e+02 
2.2887043367305875e+01 8.2117105552130865e-01 1.4489771576194110e+02 
2.2708359870528721e+01 5.8336631113093596e-01 1.5795928546395891e+02 
2.1776109616322316e+01 6.1682961871530528e-01 1.5190893902065355e+02 
1.9486550730752107e+01 5.8251727370722284e-01 1.3682078065457452e+02 
2.1624498491776052e+01 6.0752169222569519e-01 1.3792339780880440e+02 
2.0448836224319031e+01 5.6513362121543742e-01 1.7339000673227326e+02 
2.2999943187592475e+01 5.9983226279526880e-01 1.1028475889432339e+02 
2.1206071675864557e+01 6.2159626816338065e-01 1.6928465731718509e+02 
1.9656676091864156e+01 6.0168695472922451e-01 1.3071812256398303e+02 
2.0431289248131051e+01 5.9026534264008557e-01 1.2229616169491651e+02 
2.1647550364061207e+01 6.0318540199477921e-01 1.3656154146150698e+02 
2.0306669882691260e+01 6.3876306601920385e-01 1.4699453295302493e+02 
2.3444937905303245e+01 6.0061654138798870e-01 1.5614494333876573e+02 
1.7592008224984323e+01 5.6406991988862665e-01 1.6974085312392279e+02 
1.7481862712037447e+01 5.3185823769760932e-01 1.2318891847358204e+02 
1.8338921777692700e+01 5.5375394175602599e-01 1.4443486159838113e+02 
1.6682185092870924e+01 5.1263056847301958e-01 1.2086377616943463e+02 
1.9613549178305043e+01 5.3083038669067339e-01 1.6476913009039333e+02 
1.7595486264095541e+01 5.5507489203521321e-01 1.6987372054399859e+02 
1.6096621167485420e+01 5.1893955696840233e-01 1.2457990787754483e+02 
1.6774481831856189e+01 5.1221280790575496e-01 1.3586932185733116e+02 
1.8361198900303442e+01 5.1175085614843752e-01 1.3105522177167424e+02 
1.7716461111666408e+01 5.4167053053660141e-01 1.2146743095473454e+02 
