fp_mc_QoiSeq_unified = zeros(350,5);
fp_mc_QoiSeq_unified = [1.4456121746430080e+02 3.2684650231241926e+02 5.0713568763479378e+02 6.8956569840419729e+02 8.7334469935329093e+02 
1.5361289232960686e+02 3.3635553456033733e+02 5.1670918924676175e+02 6.9909141014289810e+02 8.8287235897241442e+02 
1.5544453068554486e+02 3.3718231754106182e+02 5.1794302730372146e+02 6.9960238532437791e+02 8.8371502080174878e+02 
1.5154909192929429e+02 3.3486645191222806e+02 5.1587667535887851e+02 6.9784595573008119e+02 8.8187594966064580e+02 
1.5846506267747046e+02 3.4686083880027144e+02 5.3579957295022098e+02 7.2459331345076214e+02 9.1306764613632504e+02 
1.4992042881777428e+02 3.2779302230715825e+02 5.0482490171722674e+02 6.7786168349481113e+02 8.5596244605887580e+02 
1.4713925953900039e+02 3.1847492832414758e+02 4.8885890267238443e+02 6.5893875991863547e+02 8.2890589322160793e+02 
1.5995570103089827e+02 3.4792140836308386e+02 5.3617988701813579e+02 7.2499545303242076e+02 9.1360725374488561e+02 
1.5610464039193232e+02 3.3765132568276528e+02 5.1730666144797590e+02 6.9980689562251257e+02 8.8414727419411543e+02 
1.4998943579934047e+02 3.2813104103099494e+02 5.0505500983746612e+02 6.7801447772777726e+02 8.5613326718302278e+02 
1.5454706034922410e+02 3.3685393339064296e+02 5.1693825454480566e+02 6.9932181073242657e+02 8.8310740643839040e+02 
1.5585105144916213e+02 3.3757388353470662e+02 5.1762212718441344e+02 6.9962085599685963e+02 8.8398848341181883e+02 
1.5062733420146759e+02 3.2762279689337356e+02 5.0476374228917814e+02 6.7780528611939212e+02 8.5578164120950862e+02 
1.2833696548357881e+02 2.8195711401510539e+02 4.3357766968438153e+02 5.8503543928829038e+02 7.3616155267205477e+02 
1.4861065988853773e+02 3.2740427155541829e+02 5.0442409474448067e+02 6.7766874164584738e+02 8.5554473906633359e+02 
1.5316736888541780e+02 3.3615742910199685e+02 5.1654004146329407e+02 6.9888241651099281e+02 8.8261001507670414e+02 
1.4833113321732745e+02 3.2777718958756174e+02 5.0402133147383029e+02 6.7742851881360434e+02 8.5519753778011989e+02 
1.4450105766906100e+02 3.0924425636387582e+02 4.7304836739098960e+02 6.3995042678765969e+02 8.0338103082622911e+02 
1.5074399301562283e+02 3.2821160026773038e+02 5.0515590455073664e+02 6.7809615866244167e+02 8.5624485767798205e+02 
1.4717005625133689e+02 3.1937422677192382e+02 4.8884950202932515e+02 6.5892901336093291e+02 8.2896937756932084e+02 
1.5070533071013665e+02 3.2822186375649295e+02 5.0566182397982988e+02 6.7842747707532021e+02 8.5677346310758423e+02 
1.5028289889599299e+02 3.2824386310979691e+02 5.0562736591693522e+02 6.7839591553721448e+02 8.5656999845744747e+02 
1.5280104257232043e+02 3.3579382584469187e+02 5.1684484917319389e+02 7.0261827231516145e+02 8.8574512082789090e+02 
1.4612483711063817e+02 3.3384296623163601e+02 5.2282869622280691e+02 7.1155387141861331e+02 8.9957416635672212e+02 
1.3674535664875094e+02 3.1727424718830571e+02 4.9797302056804034e+02 6.7919281546359048e+02 8.6223776929397422e+02 
1.3191016315328099e+02 3.0342758577409677e+02 4.7554358537236601e+02 6.5216856861942426e+02 8.2561405745227614e+02 
1.2792855475683436e+02 2.9932472829803095e+02 4.7102998288282851e+02 6.4393468278956152e+02 8.1847459341676495e+02 
1.2649711882216550e+02 2.9268417693448453e+02 4.6123707425526982e+02 6.3146631609322390e+02 8.0301142735814608e+02 
1.4444744327864137e+02 3.1708988428153617e+02 4.8764968981896084e+02 6.5785607329484242e+02 8.2819371711239341e+02 
1.5575438453024165e+02 3.4506394201247093e+02 5.3455353945327238e+02 7.2338392236112099e+02 9.1176742594160237e+02 
1.5114775231358814e+02 3.3461046785656652e+02 5.1549707040191845e+02 6.9809423048506108e+02 8.8174654936064678e+02 
1.4951807003280626e+02 3.2772229424567837e+02 5.0490253329371444e+02 6.7789229835859055e+02 8.5578950632203021e+02 
1.4990897999492935e+02 3.2760383526653300e+02 5.0470020567384552e+02 6.7779562942556970e+02 8.5574295215750033e+02 
1.4892705283591897e+02 3.2735174316559238e+02 5.0444817893583098e+02 6.7763485429499963e+02 8.5554225084748464e+02 
1.4952155448921158e+02 3.2773968770768226e+02 5.0473492127620915e+02 6.7784451448417826e+02 8.5584529892325952e+02 
1.6346915966798116e+02 3.5825508498036982e+02 5.5407477441147842e+02 7.5026993925022168e+02 9.4170409359824828e+02 
1.4922083277908106e+02 3.2745850687856404e+02 5.0442274387320549e+02 6.7763213206903060e+02 8.5549372538594457e+02 
1.5029841710542422e+02 3.2758048067364837e+02 5.0455684667859583e+02 6.7774258519013904e+02 8.5566351366115248e+02 
1.3552059044653006e+02 2.9002311059443394e+02 4.5005905795562745e+02 6.0230474001437653e+02 7.6014289504182511e+02 
1.4896737463568218e+02 3.2732672137002805e+02 5.0432523882769237e+02 6.7758772356652696e+02 8.5544019009852934e+02 
1.4720772263039581e+02 3.1896221310463761e+02 4.8891195991007555e+02 6.5902818950434880e+02 8.2900470219180954e+02 
1.4489851138020614e+02 3.0932873487671441e+02 4.7458621875484869e+02 6.4024911318093189e+02 8.0384656729355800e+02 
1.4592729292050976e+02 3.0936204153386439e+02 4.7348272918920401e+02 6.4031665007389290e+02 8.0390810901415739e+02 
1.4801605056123350e+02 3.1897921305747303e+02 4.8917858761334571e+02 6.5924220321128928e+02 8.2929207007173329e+02 
1.5031312817658386e+02 3.2834884793582717e+02 5.0562097937161400e+02 6.7849334452949199e+02 8.5671046666118548e+02 
1.4827842766300736e+02 3.1875277704284053e+02 4.8911871970208136e+02 6.5917477922693331e+02 8.2920082891710729e+02 
1.5642775670428472e+02 3.3755306893468571e+02 5.1755384631642744e+02 7.0005250489042498e+02 8.8419243308633099e+02 
1.4307072509295713e+02 3.1629681259559322e+02 4.8700726761316901e+02 6.5730157661656574e+02 8.2774598220437395e+02 
1.3758714145484936e+02 3.1877845826831475e+02 5.0240902021451598e+02 6.8686432696127588e+02 8.6971916097428505e+02 
1.2763881305549987e+02 2.9375633795154130e+02 4.6610067424251895e+02 6.3734439978903879e+02 8.0826066486035006e+02 
1.2866437559601664e+02 3.0226690163579644e+02 4.7960128787629054e+02 6.5925521720262054e+02 8.3633956858183194e+02 
1.3412562333053853e+02 3.1551246444875233e+02 4.9876456895090365e+02 6.8259820159323294e+02 8.6565285557779521e+02 
1.3019923984043135e+02 3.0357142271173245e+02 4.8139955876855481e+02 6.5919843696335374e+02 8.3776728905575635e+02 
1.3236903235915227e+02 3.0681514963981175e+02 4.8599196113025170e+02 6.6477367696171007e+02 8.4296153249176496e+02 
1.3526332420473415e+02 3.1611961700457346e+02 5.0111684464645299e+02 6.8507050156740559e+02 8.7008559563952815e+02 
1.4290167587403883e+02 3.3929781602995706e+02 5.3284132934717138e+02 7.3060067616869071e+02 9.2439919757000848e+02 
1.1936937838748517e+02 2.7825292240173047e+02 4.4244286261575763e+02 6.0440056697224315e+02 7.6898554324801808e+02 
1.2641141910572364e+02 2.9445250310334376e+02 4.6211328813177380e+02 6.3139418855787449e+02 7.9895509359535902e+02 
1.2903987727455376e+02 2.9876875767786356e+02 4.7093850833667176e+02 6.4232031167854939e+02 8.1507748623410305e+02 
1.4141750711516829e+02 3.2997514808772564e+02 5.1701307010701635e+02 7.0538995841851181e+02 8.9660203500857051e+02 
1.3767450835898049e+02 3.2157188837483858e+02 5.0921934671431654e+02 6.9734645135443270e+02 8.8487270817735828e+02 
1.4851803471733962e+02 3.3723939842105824e+02 5.2608785976523041e+02 7.1465744346003055e+02 9.0295963870867104e+02 
1.5220065822840940e+02 3.5691114496263788e+02 5.5733560572533929e+02 7.5925963188246942e+02 9.6275040397064788e+02 
1.5189528398085685e+02 3.3536644579286548e+02 5.1598259723154092e+02 6.9811096952181913e+02 8.8216546737780902e+02 
1.3875871870963525e+02 3.1703421320359422e+02 4.9411999570017866e+02 6.6803765349019227e+02 8.4539236394110173e+02 
1.3994786147418961e+02 3.2659386112369856e+02 5.1221704217338367e+02 6.9988329711829863e+02 8.8871553564959299e+02 
1.3324973559535874e+02 3.0709117707962491e+02 4.8448465384519199e+02 6.6180714964470485e+02 8.3863549808680125e+02 
1.2232162773651206e+02 2.8557455308779538e+02 4.4938076519638508e+02 6.1603431930409283e+02 7.8037932912090128e+02 
